94 1 20 1 109 1 -26 0 118 1 -41 0 74 1 -62 0 -7 0 -102 0 -63 0 -114 0 -101 0 -102 0 -54 0 -115 0 -79 0 -127 0 -70 0 -109 0 -61 0 -91 0 -86 0 -100 0 -92 0 108 0 -49 0 123 0 -90 0 -115 0 -102 0 -107 0 -105 0 -116 0 -87 0 -122 0 -50 0 119 0 -87 0 -122 0 -84 0 113 0 -88 0 -122 0 -115 0
-63 0 105 1 -52 0 117 1 -92 0 107 1 -121 0 18 1 106 0 -29 0 83 0 -42 0 77 0 -80 0 83 0 -96 0 91 0 -87 0 65 0 -52 0 80 0 -75 0 94 0 -72 0 77 0 -112 0 76 0 -106 0 88 0 -72 0 68 0 -97 0 65 0 -54 0 73 0 -48 0 87 0 -85 0 70 0 -70 0 51 0 -67 0 73 0 -83 0 65 0
85 1 2 1 50 1 -23 0 81 1 -53 0 68 1 -60 0 -10 0 -72 0 -23 0 -87 0 -64 0 -126 0 -61 0 126 0 -79 0 -118 0 -92 0 -85 0 -80 0 105 0 -80 0 -115 0 -96 0 -109 0 -86 0 126 0 -93 0 -127 0 -65 0 -113 0 -62 0 -107 0 -66 0 -122 0 -72 0 -101 0 -90 0 125 0 -91 0 125 0 -85 0 -104 0 -109 0
-107 0 114 1 -95 0 79 1 -55 0 -127 1 -124 0 34 1 126 0 15 1 80 0 -11 0 103 0 -8 0 100 0 -18 0 71 0 -52 0 91 0 -37 0 88 0 -37 0 77 0 -69 0 79 0 -106 0 79 0 -60 0 68 0 -54 0 62 0 -88 0 76 0 -48 0 96 0 -92 0 82 0 -73 0 76 0 -79 0 87 0 -55 0 82 0 -83 0 76 0
100 1 -14 0 -109 1 -29 0 127 1 -59 0 83 1 -72 0 99 1 -45 0 8 1 -66 0 -67 0 -102 0 -61 0 -115 0 -76 0 -115 0 -70 0 -115 0 -37 0 -127 0 -83 0 -109 0 -43 0 -115 0 -96 0 -100 0 -68 0 111 0 -81 0 -119 0 -93 0 125 0 -93 0 -95 0 -75 0 -101 0 -69 0 -119 0 -72 0 122 0 -109 0 -125 0 -100 0
-81 0 114 1 -66 0 110 1 -98 0 103 1 -87 0 62 1 -70 0 81 1 -127 0 -46 0 91 0 -11 0 68 0 -52 0 68 0 -96 0 88 0 -71 0 74 0 -75 0 88 0 -69 0 65 0 -88 0 71 0 -88 0 79 0 -44 0 56 0 -63 0 88 0 -73 0 68 0 -123 0 62 0 -104 0 70 0 -108 0 87 0 -49 0 59 0 -105 0 48 0
109 1 2 1 96 1 -44 0 124 1 -26 0 114 1 -23 0 83 1 -48 0 58 1 -57 0 -39 0 -90 0 -76 0 -97 0 -42 0 -100 0 -86 0 -124 0 -83 0 -91 0 -55 0 -118 0 -74 0 -109 0 -90 0 126 0 -41 0 -89 0 -53 0 -125 0 -75 0 122 0 -72 0 -107 0 -94 0 -101 0 -60 0 -116 0 -100 0 -116 0 -94 0 122 0 -112 0
-75 0 85 1 -87 0 -111 1 -75 0 94 1 -90 0 33 1 -96 0 90 1 -125 0 20 1 111 0 -55 0 85 0 -62 0 68 0 -53 0 71 0 -43 0 54 0 -56 0 91 0 -75 0 91 0 -66 0 79 0 -66 0 62 0 -57 0 82 0 -101 0 73 0 -79 0 62 0 -54 0 87 0 -98 0 79 0 -67 0 70 0 -67 0 81 0 -58 0 65 0
109 1 -44 0 93 1 -44 0 90 1 -51 0 127 1 -24 0 73 1 -12 0 67 1 -33 0 29 1 -45 0 -27 0 -106 0 -24 0 -97 0 -58 0 -118 0 -74 0 -97 0 -117 0 -124 0 -74 0 -118 0 -44 0 -107 0 -71 0 -116 0 -72 0 -104 0 -84 0 -95 0 -69 0 -92 0 -69 0 122 0 -66 0 -116 0 -100 0 116 0 -91 0 -105 0 -94 0
-64 0 -124 1 -72 0 -118 1 -84 0 78 1 -78 0 125 1 -113 0 112 1 -90 0 48 1 -119 0 -8 0 105 0 -71 0 100 0 -81 0 88 0 -84 0 79 0 -81 0 77 0 -72 0 74 0 -85 0 79 0 -82 0 82 0 -54 0 82 0 -110 0 79 0 -48 0 85 0 -89 0 68 0 -61 0 56 0 -61 0 79 0 -83 0 59 0 -74 0 64 0
121 1 -2 0 112 1 13 1 111 1 -32 0 61 1 -12 0 73 1 -42 0 -121 1 -45 0 63 1 -27 0 -49 0 -91 0 -52 0 -115 0 -55 0 -103 0 -102 0 -100 0 -83 0 -49 0 -68 0 120 0 -53 0 -83 0 -59 0 -107 0 -87 0 -98 0 -13 0 -107 0 -54 0 125 0 -81 0 -116 0 -91 0 101 0 -125 0 122 0 -88 0 127 0 -39 0
-58 0 116 1 -38 0 116 1 -107 0 -128 1 -84 0 -113 1 -56 0 83 1 -82 0 -126 1 -82 0 76 1 -111 0 -21 0 100 0 -47 0 74 0 -66 0 85 0 -63 0 74 0 -78 0 62 0 -72 0 76 0 -69 0 88 0 -107 0 68 0 -73 0 70 0 -104 0 82 0 -79 0 70 0 -55 0 65 0 -80 0 76 0 -92 0 70 0 -89 0 62 0
-94 1 -11 0 115 1 -26 0 -114 1 -5 0 -123 1 -6 0 104 1 -30 0 126 1 -30 0 125 1 -30 0 63 1 -64 0 -40 0 -70 0 -80 0 -112 0 -59 0 -118 0 -83 0 -115 0 -80 0 -101 0 -87 0 -101 0 -59 0 -107 0 -81 0 -110 0 -44 0 125 0 -81 0 125 0 -75 0 -122 0 -69 0 -105 0 -88 0 -90 0 -70 0 -87 0 -64 0
-70 0 -112 1 -55 0 -122 1 -93 0 115 1 -53 0 99 1 -96 0 86 1 -76 0 -107 1 -105 0 126 1 -82 0 29 1 125 0 -22 0 102 0 -69 0 71 0 -41 0 65 0 -78 0 71 0 -57 0 88 0 -82 0 62 0 -63 0 68 0 -104 0 70 0 -64 0 73 0 -52 0 67 0 -52 0 81 0 -61 0 98 0 -71 0 70 0 -43 0 70 0
80 1 -29 0 121 1 -14 0 83 1 -6 0 86 1 -36 0 -105 1 -15 0 -87 1 -36 0 94 1 -61 0 94 1 5 1 66 1 -82 0 -15 0 -112 0 -74 0 -115 0 -53 0 -86 0 -108 0 -110 0 -121 0 -98 0 -90 0 -104 0 -96 0 -101 0 -66 0 -122 0 -84 0 -113 0 -85 0 -108 0 -60 0 -111 0 -94 0 -111 0 -73 0 -93 0 -73 0
-98 0 125 1 -87 0 112 1 -79 0 90 1 -79 0 77 1 -56 0 102 1 -91 0 98 1 -99 0 113 1 -91 0 79 1 122 0 -44 0 77 0 -63 0 79 0 -78 0 79 0 -51 0 96 0 -82 0 79 0 -98 0 82 0 -64 0 70 0 -107 0 73 0 -67 0 65 0 -46 0 70 0 -95 0 79 0 -58 0 59 0 -114 0 81 0 -77 0 87 0
127 1 -8 0 77 1 -21 0 98 1 -18 0 -93 1 -3 0 101 1 -18 0 -118 1 -43 0 -109 1 -16 0 103 1 -40 0 69 1 -40 0 -18 0 -88 0 -83 0 -109 0 -56 0 -98 0 -68 0 -128 0 -90 0 -95 0 -62 0 -110 0 -75 0 125 0 -51 0 -95 0 -72 0 -72 0 -63 0 -114 0 -82 0 -87 0 -113 0 -120 0 -70 0 -111 0 -73 0
-87 0 -115 1 -61 0 74 1 -62 0 127 1 -93 0 89 1 -88 0 79 1 -88 0 54 1 -94 0 -121 1 -74 0 97 1 -85 0 53 1 -128 0 -19 0 96 0 -75 0 79 0 -76 0 79 0 -76 0 88 0 -82 0 73 0 -89 0 70 0 -79 0 59 0 -86 0 82 0 -33 0 62 0 -83 0 96 0 -77 0 67 0 -77 0 78 0 -84 0 84 0
114 1 -26 0 -108 1 4 1 95 1 -27 0 -87 1 -15 0 104 1 -18 0 103 1 -28 0 94 1 17 1 -125 1 -25 0 71 1 -40 0 46 1 -55 0 -40 0 -92 0 -34 0 -110 0 -78 0 -107 0 -53 0 -110 0 -96 0 -122 0 -57 0 -107 0 -88 0 -95 0 -88 0 -110 0 -42 0 -99 0 -100 0 -87 0 -94 0 -108 0 -91 0 -114 0 -88 0
-56 0 -128 1 -84 0 -119 1 -59 0 83 1 -76 0 92 1 -76 0 -111 1 -62 0 60 1 -119 0 101 1 -54 0 41 1 -80 0 56 1 122 0 15 1 96 0 -19 0 85 0 -63 0 102 0 -107 0 82 0 -88 0 79 0 -54 0 73 0 -67 0 65 0 -108 0 79 0 -83 0 87 0 -58 0 73 0 -46 0 79 0 -111 0 84 0 -74 0 62 0
71 1 -30 0 117 1 -21 0 107 1 6 1 122 1 -6 0 113 1 -27 0 109 1 -16 0 100 1 50 1 93 1 -19 0 96 1 -16 0 71 1 -37 0 -6 0 -98 0 -28 0 -86 0 -29 0 -98 0 -78 0 -101 0 -90 0 -122 0 -51 0 -89 0 -57 0 122 0 -57 0 -116 0 -63 0 124 0 -60 0 121 0 -79 0 121 0 -61 0 118 0 -79 0
-81 0 -122 1 -47 0 67 1 -85 0 108 1 -108 0 -101 1 -88 0 95 1 -59 0 72 1 -68 0 -127 1 -80 0 38 1 -74 0 100 1 -123 0 59 1 -103 0 15 1 116 0 -32 0 71 0 -91 0 79 0 -70 0 82 0 -70 0 76 0 -95 0 79 0 -39 0 67 0 -80 0 67 0 -92 0 76 0 -56 0 59 0 -93 0 76 0 -81 0 73 0
95 1 -36 0 73 1 -42 0 116 1 -39 0 94 1 -27 0 -122 1 -10 0 -106 1 -16 0 112 1 2 1 121 1 -10 0 -126 1 -52 0 89 1 -20 0 49 1 -56 0 -38 0 -89 0 -56 0 -116 0 -78 0 -107 0 -44 0 -116 0 -75 0 -98 0 -69 0 -87 0 -85 0 125 0 -42 0 127 0 -67 0 -123 0 -113 0 -123 0 -107 0 -114 0 -95 0
-44 0 83 1 -85 0 114 1 -82 0 70 1 -68 0 123 1 -88 0 98 1 -91 0 94 1 -100 0 75 1 -66 0 75 1 -80 0 115 1 -117 0 96 1 -86 0 52 1 -123 0 -42 0 93 0 -92 0 102 0 -61 0 59 0 -52 0 70 0 -70 0 62 0 -67 0 67 0 -55 0 64 0 -59 0 90 0 -65 0 84 0 -84 0 101 0 -71 0 59 0
80 1 -21 0 -124 1 -9 0 110 1 -27 0 107 1 -21 0 97 1 -25 0 -119 1 -31 0 -101 1 -10 0 87 1 5 1 83 1 -23 0 86 1 -23 0 -127 1 -26 0 27 1 -56 0 -16 0 -80 0 -69 0 -122 0 -78 0 -104 0 -39 0 -110 0 -54 0 -105 0 -97 0 -111 0 -54 0 112 0 -64 0 -120 0 -94 0 109 0 -37 0 -126 0 -70 0
-76 0 93 1 -105 0 -123 1 -73 0 120 1 -71 0 117 1 -59 0 44 1 -71 0 119 1 -60 0 91 1 -86 0 100 1 -80 0 99 1 -103 0 115 1 -97 0 64 1 -106 0 64 1 104 0 2 1 90 0 -52 0 76 0 -64 0 70 0 -92 0 76 0 -80 0 76 0 -83 0 79 0 -68 0 90 0 -74 0 87 0 -71 0 67 0 -47 0 84 0
79 1 -60 0 -118 1 12 1 116 1 -18 0 -100 1 -10 0 88 1 -16 0 -101 1 -4 0 96 1 -16 0 102 1 -25 0 96 1 -17 0 -105 1 -17 0 104 1 13 1 61 1 -65 0 30 1 -77 0 -44 0 -95 0 -51 0 122 0 -88 0 -96 0 -88 0 -105 0 -54 0 -126 0 -76 0 127 0 -61 0 -117 0 -61 0 -108 0 -64 0 -102 0 -98 0
-116 0 111 1 -85 0 108 1 -73 0 95 1 -48 0 -127 1 -71 0 125 1 -54 0 -100 1 -74 0 81 1 -86 0 115 1 -91 0 121 1 -72 0 105 1 -72 0 86 1 -120 0 67 1 122 0 8 1 99 0 -11 0 82 0 -39 0 76 0 -102 0 79 0 -80 0 81 0 -74 0 64 0 -49 0 76 0 -65 0 84 0 -75 0 87 0 -84 0 64 0
-112 1 -6 0 101 1 -27 0 104 1 -12 0 103 1 8 1 112 1 -19 0 93 1 -19 0 105 1 -31 0 86 1 -14 0 108 1 -8 0 110 1 -2 0 89 1 -44 0 97 1 -5 0 85 1 -48 0 8 1 -48 0 -14 0 -90 0 -63 0 -81 0 -63 0 -75 0 -64 0 -123 0 -97 0 -117 0 -73 0 -126 0 -82 0 -111 0 -80 0 -117 0 -71 0
-65 0 114 1 -88 0 -123 1 -88 0 -118 1 -79 0 113 1 -60 0 56 1 -68 0 91 1 -71 0 87 1 -66 0 127 1 -92 0 118 1 -92 0 67 1 -95 0 -111 1 -72 0 -127 1 -98 0 29 1 -121 0 -18 0 107 0 -49 0 84 0 -105 0 98 0 -71 0 73 0 -52 0 90 0 -93 0 70 0 -65 0 87 0 -75 0 75 0 -84 0 64 0
110 1 -15 0 125 1 3 1 -115 1 -34 0 100 1 -16 0 115 1 -4 0 109 1 -28 0 117 1 -52 0 108 1 16 1 92 1 -23 0 64 1 -44 0 119 1 -17 0 -122 1 -35 0 69 1 -39 0 91 1 -69 0 -29 0 -63 0 -76 0 -108 0 -73 0 -117 0 -85 0 -117 0 -39 0 -111 0 -88 0 -117 0 -92 0 -105 0 -95 0 -114 0 -61 0
-99 0 76 1 -76 0 88 1 -71 0 126 1 -74 0 -96 1 -60 0 66 1 -63 0 109 1 -54 0 -104 1 -55 0 90 1 -58 0 -104 1 -55 0 55 1 -69 0 104 1 -106 0 82 1 -89 0 79 1 -98 0 69 1 127 0 -77 0 79 0 -71 0 59 0 -99 0 67 0 -90 0 56 0 -77 0 64 0 -44 0 67 0 -78 0 56 0 -29 0 92 0
107 1 -30 0 122 1 -52 0 88 1 -4 0 103 1 -49 0 112 1 -1 0 93 1 -22 0 -52 1 -65 0 -87 1 -20 0 123 1 -38 0 119 1 -23 0 27 1 -26 0 91 1 -24 0 81 1 -30 0 66 1 -60 0 -2 0 -63 0 35 1 -84 0 -36 0 -120 0 -52 0 -78 0 -52 0 -120 0 -70 0 -114 0 -76 0 -120 0 -61 0 121 0 -59 0
-82 0 -127 1 -71 0 -118 1 -88 0 32 1 -102 0 122 1 -74 0 115 1 -83 0 -116 1 -69 0 127 1 -52 0 86 1 -79 0 -111 1 -44 0 126 1 -72 0 113 1 -72 0 110 1 -89 0 113 1 -61 0 78 1 -124 0 25 1 121 0 -71 0 93 0 -59 0 73 0 -62 0 90 0 -41 0 67 0 -90 0 75 0 -72 0 92 0 -93 0 73 0
94 1 -24 0 85 1 8 1 106 1 -25 0 96 1 -19 0 -107 1 -46 0 108 1 1 1 -117 1 -11 0 95 1 -18 0 101 1 5 1 119 1 -47 0 125 1 -24 0 72 1 -21 0 91 1 -33 0 -114 1 -45 0 78 1 -10 0 -21 0 -102 0 -67 0 -120 0 -42 0 -120 0 -113 0 -96 0 -79 0 -108 0 -89 0 -117 0 -101 0 -100 0 -101 0
-62 0 82 1 -71 0 113 1 -62 0 -128 1 -71 0 116 1 -88 0 106 1 -91 0 127 1 -97 0 108 1 -69 0 96 1 -68 0 87 1 -58 0 113 1 -84 0 98 1 -81 0 97 1 -81 0 125 1 -124 0 97 1 -112 0 90 1 -107 0 -52 0 81 0 -22 0 78 0 -71 0 62 0 -84 0 78 0 -90 0 75 0 -69 0 61 0 -72 0 78 0
-115 1 -52 0 109 1 -37 0 -113 1 -46 0 99 1 -31 0 108 1 -28 0 52 1 -20 0 95 1 43 1 104 1 10 1 73 1 -47 0 119 1 -3 0 113 1 -62 0 85 1 15 1 -95 1 -15 0 115 1 -21 0 96 1 -24 0 31 1 -72 0 -18 0 -67 0 -46 0 -108 0 -76 0 -120 0 -76 0 -123 0 -89 0 -112 0 -95 0 -118 0 -92 0
-105 0 -102 1 -97 0 113 1 -40 0 113 1 -83 0 125 1 -80 0 37 1 -72 0 -126 1 -52 0 117 1 -58 0 102 1 -86 0 76 1 -61 0 -115 1 -61 0 125 1 -78 0 82 1 -87 0 -128 1 -76 0 124 1 -70 0 105 1 -107 0 87 1 114 0 -3 0 90 0 -50 0 101 0 -44 0 70 0 -78 0 59 0 -69 0 56 0 -106 0 73 0
81 1 -16 0 103 1 11 1 -98 1 -31 0 99 1 -28 0 74 1 -8 0 123 1 -20 0 123 1 -11 0 46 1 7 1 122 1 -23 0 104 1 -41 0 115 1 -6 0 60 1 -54 0 -120 1 9 1 114 1 -7 0 65 1 -22 0 95 1 -40 0 36 1 -81 0 -61 0 -61 0 -107 0 -111 0 -49 0 -100 0 -58 0 -123 0 -80 0 -103 0 -95 0
-68 0 97 1 -88 0 116 1 -68 0 75 1 -60 0 -125 1 -86 0 96 1 -60 0 -126 1 -72 0 120 1 -100 0 -108 1 -55 0 123 1 -95 0 63 1 -75 0 119 1 -75 0 -113 1 -22 0 56 1 -87 0 109 1 -76 0 96 1 -90 0 59 1 -123 0 16 1 92 0 -28 0 92 0 -44 0 78 0 -53 0 67 0 -84 0 92 0 -78 0 92 0
53 1 -19 0 -119 1 -25 0 -110 1 -10 0 -123 1 -16 0 102 1 -50 0 123 1 -35 0 113 1 4 1 -118 1 -47 0 82 1 -3 0 76 1 -54 0 106 1 -39 0 44 1 -6 0 105 1 2 1 96 1 -7 0 117 1 -4 0 56 1 -37 0 107 1 -46 0 40 1 -79 0 -19 0 -120 0 -77 0 -91 0 -55 0 -103 0 -53 0 126 0 -59 0
-48 0 94 1 -80 0 112 1 -74 0 -116 1 -66 0 109 1 -66 0 87 1 -92 0 124 1 -86 0 120 1 -95 0 126 1 -61 0 92 1 -61 0 -128 1 -47 0 103 1 -87 0 -128 1 -64 0 118 1 -93 0 -120 1 -65 0 111 1 -48 0 123 1 -113 0 -115 1 118 0 24 1 81 0 -75 0 87 0 -63 0 67 0 -84 0 67 0 -54 0 84 0
72 1 -4 0 62 1 -43 0 -110 1 -28 0 105 1 -59 0 83 1 -8 0 86 1 22 1 86 1 10 1 110 1 -44 0 -122 1 -42 0 -104 1 -36 0 121 1 -57 0 -89 1 -36 0 124 1 -21 0 102 1 -16 0 -109 1 5 1 89 1 -37 0 64 1 -5 0 67 1 -73 0 -16 0 -55 0 0 1 -91 0 -104 0 -126 0 -50 0 -109 0 -95 0
-100 0 88 1 -57 0 93 1 -66 0 106 1 -74 0 87 1 -106 0 108 1 -55 0 102 1 -69 0 76 1 -69 0 107 1 -81 0 110 1 -53 0 88 1 -56 0 69 1 -90 0 127 1 -87 0 109 1 -76 0 108 1 -62 0 114 1 -116 0 89 1 -110 0 113 1 -105 0 110 1 -113 0 -20 0 89 0 -41 0 70 0 -97 0 78 0 -63 0 72 0
103 1 -37 0 115 1 -46 0 53 1 -61 0 92 1 -50 0 98 1 -35 0 86 1 -50 0 -127 1 -17 0 73 1 -26 0 122 1 -30 0 97 1 -18 0 57 1 15 1 115 1 -24 0 120 1 -28 0 99 1 20 1 98 1 -19 0 113 1 -28 0 95 1 -28 0 91 1 -34 0 61 1 -88 0 -43 0 -64 0 -89 0 -94 0 -47 0 -118 0 -108 0
-97 0 75 1 -83 0 100 1 -80 0 71 1 -92 0 121 1 -92 0 95 1 -63 0 39 1 -115 0 101 1 -95 0 67 1 -55 0 91 1 -87 0 78 1 -78 0 75 1 -90 0 90 1 -84 0 77 1 -76 0 120 1 -37 0 -105 1 -113 0 -105 1 -68 0 -118 1 -99 0 73 1 -102 0 2 1 -113 0 -57 0 95 0 -42 0 75 0 -100 0 92 0
3 1 -49 0 13 1 -55 0 31 1 -47 0 95 1 -68 0 30 1 -44 0 64 1 -44 0 61 1 -53 0 54 1 -45 0 79 1 -3 0 48 1 -9 0 -98 1 -27 0 111 1 -30 0 31 1 -40 0 92 1 -28 0 89 1 -16 0 -82 1 16 1 -85 1 -20 0 55 1 -35 0 88 1 -32 0 51 1 -65 0 -28 0 -106 0 -65 0 -88 0 -74 0
119 0 34 1 -123 0 12 1 -114 0 -4 0 -103 0 18 1 93 0 -11 0 -117 0 45 1 -98 0 79 1 -95 0 66 1 -112 0 94 1 -90 0 78 1 -76 0 62 1 -76 0 96 1 -84 0 96 1 -96 0 -127 1 -56 0 55 1 -54 0 86 1 -68 0 -125 1 -88 0 103 1 -77 0 85 1 -111 0 17 1 103 0 -51 0 61 0 -57 0 78 0
-43 0 -109 0 -28 0 -92 0 6 1 -83 0 -34 0 -83 0 27 1 -83 0 15 1 -89 0 11 1 -113 0 36 1 -72 0 91 1 -42 0 11 1 -81 0 10 1 -45 0 102 1 -45 0 86 1 -46 0 74 1 -52 0 80 1 -10 0 101 1 -58 0 100 1 -43 0 -119 1 -44 0 -117 1 -79 0 84 1 -53 0 -13 0 -74 0 -53 0 -97 0 -65 0
96 0 -38 0 113 0 -23 0 127 0 -4 0 -126 0 -42 0 -112 0 8 1 121 0 -2 0 104 0 11 1 116 0 -42 0 113 0 -18 0 124 0 50 1 -100 0 41 1 -101 0 25 1 -104 0 15 1 -59 0 27 1 -79 0 70 1 -54 0 42 1 -79 0 76 1 -99 0 85 1 -99 0 115 1 -111 0 63 1 103 0 -8 0 95 0 -51 0 95 0
-37 0 -106 0 -65 0 125 0 -74 0 -116 0 -31 0 98 0 -81 0 -125 0 -1 0 -122 0 -7 0 -101 0 -11 0 -110 0 1 1 -125 0 38 1 -104 0 8 1 -100 0 44 1 -99 0 13 1 -105 0 6 1 -64 0 46 1 -108 0 27 1 -94 0 48 1 -67 0 24 1 -88 0 72 1 -17 0 78 1 -44 0 63 1 -80 0 -53 0 -97 0 -53 0
119 0 -1 0 -117 0 -4 0 105 0 -54 0 88 0 -45 0 102 0 -54 0 82 0 -5 0 110 0 -67 0 101 0 -46 0 113 0 -46 0 -115 0 -46 0 113 0 -12 0 115 0 -28 0 124 0 37 1 -110 0 12 1 115 0 12 1 121 0 -29 0 92 0 8 1 -124 0 35 1 -99 0 29 1 -119 0 17 1 -102 0 1 1 112 0 -51 0 72 0
96 1 -65 0 71 1 -32 0 74 1 -86 0 61 1 -77 0 11 1 -77 0 -41 0 -104 0 -41 0 -98 0 -57 0 -96 0 -60 0 122 0 -72 0 -114 0 -52 0 -96 0 -61 0 -126 0 -30 0 -99 0 0 1 -102 0 -18 0 -79 0 -28 0 -79 0 3 1 -112 0 45 1 -79 0 2 1 -68 0 41 1 -68 0 44 1 -74 0 14 1 -71 0 -11 0
-109 0 58 1 -77 0 61 1 -86 0 123 1 -95 0 58 1 -115 0 104 1 -81 0 20 1 118 0 4 1 -123 0 60 1 127 0 -3 0 104 0 -24 0 107 0 -28 0 90 0 -46 0 95 0 -56 0 126 0 -75 0 90 0 -25 0 123 0 -29 0 115 0 -11 0 109 0 -41 0 -127 0 -14 0 -105 0 -5 0 114 0 19 1 109 0 -6 0 95 0
111 1 -17 0 123 1 -44 0 126 1 -26 0 70 1 -32 0 101 1 -6 0 73 1 -45 0 79 1 -27 0 60 1 -30 0 112 1 -81 0 75 1 -54 0 50 1 -69 0 4 1 -64 0 6 1 -79 0 -27 0 121 0 -34 0 -88 0 -6 0 -103 0 -49 0 -88 0 -43 0 -110 0 -44 0 118 0 -44 0 -94 0 -41 0 -83 0 -35 0 -95 0 -26 0
-77 0 89 1 -52 0 117 1 -115 0 114 1 -98 0 79 1 -69 0 98 1 -61 0 82 1 -64 0 122 1 -90 0 69 1 -81 0 96 1 -53 0 93 1 -76 0 52 1 -96 0 71 1 -99 0 86 1 -110 0 49 1 -107 0 14 1 104 0 -4 0 126 0 -11 0 87 0 -18 0 109 0 -30 0 100 0 -48 0 98 0 -24 0 92 0 -18 0 111 0
123 1 -14 0 61 1 -38 0 42 1 -23 0 58 1 0 1 70 1 -3 0 69 1 -9 0 121 1 -18 0 115 1 -21 0 93 1 -21 0 102 1 -48 0 102 1 -19 0 123 1 -34 0 -124 1 -55 0 -128 1 -61 0 103 1 -64 0 12 1 -32 0 48 1 -79 0 5 1 -82 0 16 1 -91 0 -20 0 -74 0 -41 0 -98 0 -20 0 -92 0 -14 0
-97 0 99 1 -106 0 108 1 -55 0 98 1 -67 0 107 1 -58 0 76 1 -89 0 88 1 -84 0 78 1 -78 0 100 1 127 0 121 1 -76 0 -117 1 -42 0 -127 1 -99 0 77 1 -79 0 107 1 -93 0 42 1 -62 0 116 1 -54 0 51 1 -99 0 66 1 -54 0 75 1 -63 0 65 1 -91 0 68 1 -97 0 34 1 123 0 19 1 100 0
114 1 -32 0 101 1 -38 0 110 1 -20 0 -115 1 -24 0 76 1 -9 0 103 1 -3 0 100 1 -24 0 81 1 -15 0 105 1 -33 0 -105 1 -19 0 108 1 -31 0 -106 1 -16 0 107 1 -46 0 73 1 -14 0 49 1 -32 0 97 1 6 1 121 1 -9 0 66 1 0 1 -127 1 -30 0 -109 1 -44 0 92 1 -59 0 65 1 -42 0 40 1
-78 0 -117 1 -66 0 95 1 -58 0 -118 1 -72 0 119 1 -98 0 103 1 -78 0 97 1 -81 0 84 1 -73 0 93 1 -96 0 121 1 -87 0 74 1 -59 0 117 1 -121 0 61 1 -68 0 70 1 -102 0 -128 1 -65 0 -107 1 -66 0 109 1 -85 0 -110 1 -88 0 99 1 -58 0 -105 1 -86 0 -115 1 -66 0 -87 1 -105 0 92 1 -86 0

